1724327003924 2.07393 0
1724327041176 1.81348 1
1724327078082 1.84887 2
1724327126410 1.77138 3
1724327178084 1.71095 4
1724327227232 1.83316 5
1724327284479 1.80897 6
1724327347005 1.74684 7
1724327409498 1.75321 8
1724327481964 1.76263 9
1724327547142 1.68485 10
1724327603577 1.66898 11
1724327667099 1.60402 12
1724327733368 1.69108 13
1724327797986 1.63833 14
1724327867362 1.59927 15
1724327940862 1.55412 16
1724328021109 1.56301 17
1724328101381 1.53201 18
1724328172301 1.53158 19
1724328254475 1.52832 20
1724328340777 1.53002 21
1724328423657 1.46062 22
1724328511852 1.4823 23
1724328589378 1.39156 24
1724328678859 1.45272 25
1724328763775 1.48668 26
1724328858503 1.44984 27
1724328942593 1.38628 28
1724329025377 1.37925 29
1724329102499 1.40279 30
1724329177253 1.33237 31
1724329266072 1.34553 32
1724329368797 1.38843 33
1724329460294 1.32834 34
1724329549300 1.31205 35
1724329643295 1.36341 36
1724329731878 1.26476 37
1724329812937 1.27492 38
1724329902101 1.42161 39
1724329989006 1.2579 40
1724330075541 1.23757 41
1724330156006 1.26202 42
1724330253824 1.20164 43
1724330343429 1.19449 44
1724330431927 1.19414 45
1724330525019 1.20362 46
1724330616881 1.20623 47
1724330713560 1.20578 48
1724330805290 1.18251 49
1724330903099 1.1866 50
1724331000544 1.20508 51
1724331101890 1.17366 52
1724331196408 1.19972 53
1724331283015 1.19472 54
1724331384630 1.12832 55
1724331472901 1.09603 56
1724331594940 1.16491 57
1724331710090 1.10242 58
1724331803825 1.10607 59
1724331887085 1.13821 60
1724331979442 1.09954 61
1724332075989 1.07401 62
1724332162939 1.10158 63
1724332261617 1.03052 64
1724332363843 1.02455 65
1724332452323 1.08155 66
1724332535077 0.99397 67
1724332628312 0.9921 68
1724332714266 1.00247 69
1724332808499 0.9982 70
1724332904369 1.03754 71
1724332987949 1.09254 72
1724333077995 1.01176 73
