1724327003924 5.66548 0
1724327041176 5.18897 1
1724327078082 4.62472 2
1724327126410 4.4192 3
1724327178084 4.21524 4
1724327227232 4.1965 5
1724327284479 3.85793 6
1724327347005 3.84651 7
1724327409498 3.6956 8
1724327481964 3.68981 9
1724327547142 3.47288 10
1724327603577 3.25975 11
1724327667099 3.22039 12
1724327733368 3.21315 13
1724327797986 3.32163 14
1724327867362 3.04772 15
1724327940862 2.9818 16
1724328021109 3.1074 17
1724328101381 2.89849 18
1724328172301 2.80326 19
1724328254475 2.92685 20
1724328340777 2.84136 21
1724328423657 2.76232 22
1724328511852 2.58633 23
1724328589378 2.62593 24
1724328678859 2.45943 25
1724328763775 2.60608 26
1724328858503 2.58606 27
1724328942593 2.4404 28
1724329025377 2.46746 29
1724329102499 2.33843 30
1724329177253 2.28016 31
1724329266072 2.35177 32
1724329368797 2.28246 33
1724329460294 2.25001 34
1724329549300 2.28885 35
1724329643295 2.44904 36
1724329731878 2.15837 37
1724329812937 2.14874 38
1724329902101 2.31028 39
1724329989006 1.91717 40
1724330075541 2.02985 41
1724330156006 1.92504 42
1724330253824 1.82656 43
1724330343429 1.95792 44
1724330431927 1.86657 45
1724330525019 1.81439 46
1724330616881 1.80579 47
1724330713560 1.82799 48
1724330805290 1.77972 49
1724330903099 1.74753 50
1724331000544 1.64054 51
1724331101890 1.60623 52
1724331196408 1.66474 53
1724331283015 1.72754 54
1724331384630 1.61696 55
1724331472901 1.66583 56
1724331594940 1.57789 57
1724331710090 1.53174 58
1724331803825 1.44676 59
1724331887085 1.44764 60
1724331979442 1.45144 61
1724332075989 1.34852 62
1724332162939 1.49083 63
1724332261617 1.33743 64
1724332363843 1.38125 65
1724332452323 1.31907 66
1724332535077 1.27145 67
1724332628312 1.27747 68
1724332714266 1.21631 69
1724332808499 1.18906 70
1724332904369 1.2199 71
1724332987949 1.31508 72
1724333077995 1.18865 73
