1724327003924 1.59201 0
1724327041176 1.37967 1
1724327078082 1.39899 2
1724327126410 1.35409 3
1724327178084 1.35381 4
1724327227232 1.38137 5
1724327284479 1.46755 6
1724327347005 1.37002 7
1724327409498 1.33529 8
1724327481964 1.34512 9
1724327547142 1.3198 10
1724327603577 1.31365 11
1724327667099 1.26236 12
1724327733368 1.31665 13
1724327797986 1.33746 14
1724327867362 1.31002 15
1724327940862 1.27495 16
1724328021109 1.2795 17
1724328101381 1.24896 18
1724328172301 1.25344 19
1724328254475 1.24316 20
1724328340777 1.26966 21
1724328423657 1.25919 22
1724328511852 1.22823 23
1724328589378 1.19475 24
1724328678859 1.19769 25
1724328763775 1.2032 26
1724328858503 1.14386 27
1724328942593 1.1935 28
1724329025377 1.20697 29
1724329102499 1.19197 30
1724329177253 1.16515 31
1724329266072 1.19248 32
1724329368797 1.18241 33
1724329460294 1.14662 34
1724329549300 1.15107 35
1724329643295 1.1692 36
1724329731878 1.14663 37
1724329812937 1.13402 38
1724329902101 1.18592 39
1724329989006 1.13418 40
1724330075541 1.13971 41
1724330156006 1.09739 42
1724330253824 1.09619 43
1724330343429 1.05291 44
1724330431927 1.0603 45
1724330525019 1.09111 46
1724330616881 1.10566 47
1724330713560 1.09243 48
1724330805290 1.08872 49
1724330903099 1.08244 50
1724331000544 1.09661 51
1724331101890 1.0753 52
1724331196408 1.0685 53
1724331283015 1.07002 54
1724331384630 1.0791 55
1724331472901 1.03855 56
1724331594940 1.0701 57
1724331710090 1.08538 58
1724331803825 1.04847 59
1724331887085 1.05175 60
1724331979442 1.05185 61
1724332075989 1.01939 62
1724332162939 1.03816 63
1724332261617 1.02609 64
1724332363843 1.01145 65
1724332452323 1.0196 66
1724332535077 1.00283 67
1724332628312 0.98251 68
1724332714266 1.0009 69
1724332808499 1.00248 70
1724332904369 1.01576 71
1724332987949 1.03599 72
1724333077995 0.99532 73
