1724327003924 0.00028339 0
1724327041176 0.0005776738450000001 1
1724327078082 0.0008660165019999999 2
1724327126410 0.001148417971 3
1724327178084 0.001424878252 4
1724327227232 0.0015844835000000002 5
1724327284479 0.0015679802000000001 6
1724327347005 0.0015514769 7
1724327409498 0.0015349736000000002 8
1724327481964 0.0015184703000000002 9
1724327547142 0.001501967 10
1724327603577 0.0014854637 11
1724327667099 0.0014689604 12
1724327733368 0.0014524571 13
1724327797986 0.0014359538 14
1724327867362 0.0014194505000000002 15
1724327940862 0.0014029472000000002 16
1724328021109 0.0013864439 17
1724328101381 0.0013699406000000003 18
1724328172301 0.0013534373000000002 19
1724328254475 0.0013369340000000001 20
1724328340777 0.0013204307 21
1724328423657 0.0013039274 22
1724328511852 0.0012874241 23
1724328589378 0.0012709208 24
1724328678859 0.0012544175 25
1724328763775 0.0012379142000000002 26
1724328858503 0.0012214109000000001 27
1724328942593 0.0012049076 28
1724329025377 0.0011884043 29
1724329102499 0.001171901 30
1724329177253 0.0011553976999999999 31
1724329266072 0.0011388944 32
1724329368797 0.0011223911 33
1724329460294 0.0011058878 34
1724329549300 0.0010893845 35
1724329643295 0.0010728812000000002 36
1724329731878 0.0010563779000000001 37
1724329812937 0.0010398746 38
1724329902101 0.0010233713 39
1724329989006 0.001006868 40
1724330075541 0.0009903647000000001 41
1724330156006 0.0009738614000000002 42
1724330253824 0.0009573581000000001 43
1724330343429 0.0009408548 44
1724330431927 0.0009243515000000001 45
1724330525019 0.0009078482000000002 46
1724330616881 0.0008913449000000002 47
1724330713560 0.0008748416000000001 48
1724330805290 0.0008583383 49
1724330903099 0.0008418350000000001 50
1724331000544 0.0008253317 51
1724331101890 0.0008088284 52
1724331196408 0.0007923251 53
1724331283015 0.0007758218 54
1724331384630 0.0007593185 55
1724331472901 0.0007428151999999999 56
1724331594940 0.0007263119000000001 57
1724331710090 0.0007098086000000001 58
1724331803825 0.0006933053000000001 59
1724331887085 0.0006768020000000001 60
1724331979442 0.0006602987 61
1724332075989 0.0006437954 62
1724332162939 0.0006272921 63
1724332261617 0.0006107888000000001 64
1724332363843 0.0005942855 65
1724332452323 0.0005777822 66
1724332535077 0.0005612788999999999 67
1724332628312 0.0005447756 68
1724332714266 0.0005282723000000001 69
1724332808499 0.0005117690000000001 70
1724332904369 0.0004952657000000001 71
1724332987949 0.00047876240000000006 72
1724333077995 0.0004622591000000001 73
1724333174424 0.00044575580000000005 74
1724333292238 0.00042925250000000004 75
