1724327015365 0.00114 0
1724327050767 0.00096 1
1724327092904 0.00114 2
1724327142632 0.00122 3
1724327193929 0.00243 4
1724327246694 0.00182 5
1724327305616 0.01829 6
1724327367803 0.00823 7
1724327429443 0.01559 8
1724327501670 0.01197 9
1724327567539 0.03807 10
1724327623257 0.02296 11
1724327687617 0.00872 12
1724327756454 0.01048 13
1724327824302 0.02328 14
1724327893952 0.02816 15
1724327969988 0.02056 16
1724328051315 0.00946 17
1724328130527 0.0087 18
1724328200140 0.01532 19
1724328289361 0.02291 20
1724328374356 0.02237 21
1724328459193 0.03589 22
1724328542111 0.02945 23
1724328626301 0.02318 24
1724328708571 0.02815 25
1724328799316 0.01005 26
1724328892265 0.00529 27
1724328978300 0.00928 28
1724329055417 0.00159 29
1724329133806 0.01956 30
1724329207218 0.01887 31
1724329297527 0.01719 32
1724329400957 0.03852 33
1724329493048 0.03573 34
1724329589729 0.00567 35
1724329681579 0.00987 36
1724329765140 0.01357 37
1724329845542 0.01195 38
1724329931421 0.00201 39
1724330020189 0.00213 40
1724330107475 0.02802 41
1724330190177 0.0277 42
1724330289063 0.03057 43
1724330377114 0.02133 44
1724330463520 0.00852 45
1724330553485 0.00842 46
1724330643023 0.00842 47
1724330745274 0.02325 48
1724330834841 0.02173 49
1724330938023 0.01183 50
1724331029867 0.02178 51
1724331137589 0.01547 52
1724331227778 0.01132 53
1724331317406 0.02011 54
1724331423191 0.02099 55
1724331508016 0.02494 56
1724331638877 0.01792 57
1724331751980 0.01382 58
1724331836628 0.0183 59
1724331921905 0.05432 60
1724332013756 0.06265 61
1724332113075 0.03108 62
1724332198378 0.02553 63
1724332295009 0.05141 64
1724332401705 0.01898 65
1724332483070 0.04651 66
1724332569016 0.07775 67
1724332656281 0.06384 68
1724332743262 0.07489 69
1724332839521 0.04469 70
1724332937248 0.0702 71
1724333020962 0.0735 72
