1724327015365 0.0005 0
1724327050767 0.00044 1
1724327092904 0.0004 2
1724327142632 0.00062 3
1724327193929 0.00112 4
1724327246694 0.0009 5
1724327305616 0.00792 6
1724327367803 0.0028 7
1724327429443 0.00768 8
1724327501670 0.00668 9
1724327567539 0.01831 10
1724327623257 0.01554 11
1724327687617 0.00537 12
1724327756454 0.00747 13
1724327824302 0.01134 14
1724327893952 0.01062 15
1724327969988 0.00906 16
1724328051315 0.0054 17
1724328130527 0.00511 18
1724328200140 0.00701 19
1724328289361 0.01134 20
1724328374356 0.00384 21
1724328459193 0.01013 22
1724328542111 0.01561 23
1724328626301 0.00544 24
1724328708571 0.00905 25
1724328799316 0.00543 26
1724328892265 0.0015 27
1724328978300 0.00532 28
1724329055417 0.00111 29
1724329133806 0.00531 30
1724329207218 0.00719 31
1724329297527 0.00386 32
1724329400957 0.01339 33
1724329493048 0.01415 34
1724329589729 0.00362 35
1724329681579 0.00416 36
1724329765140 0.00775 37
1724329845542 0.0062 38
1724329931421 0.00121 39
1724330020189 0.00128 40
1724330107475 0.00918 41
1724330190177 0.01411 42
1724330289063 0.01266 43
1724330377114 0.00717 44
1724330463520 0.00171 45
1724330553485 0.00191 46
1724330643023 0.00191 47
1724330745274 0.01085 48
1724330834841 0.0148 49
1724330938023 0.00642 50
1724331029867 0.00784 51
1724331137589 0.00294 52
1724331227778 0.00515 53
1724331317406 0.0052 54
1724331423191 0.00874 55
1724331508016 0.00935 56
1724331638877 0.00563 57
1724331751980 0.00624 58
1724331836628 0.00511 59
1724331921905 0.02051 60
1724332013756 0.02378 61
1724332113075 0.01188 62
1724332198378 0.00996 63
1724332295009 0.02126 64
1724332401705 0.00768 65
1724332483070 0.02027 66
1724332569016 0.03388 67
1724332656281 0.03147 68
1724332743262 0.03574 69
1724332839521 0.01561 70
1724332937248 0.03039 71
1724333020962 0.02561 72
1724333113370 0.02518 73
1724333205299 0.02529 74
