1724327015365 0.00107 0
1724327050767 0.00116 1
1724327092904 0.00047 2
1724327142632 0.0005 3
1724327193929 0.00083 4
1724327246694 0.0007 5
1724327305616 0.03312 6
1724327367803 0.04143 7
1724327429443 0.0648 8
1724327501670 0.11735 9
1724327567539 0.34621 10
1724327623257 0.126 11
1724327687617 0.06659 12
1724327756454 0.53077 13
1724327824302 0.20784 14
1724327893952 0.72376 15
1724327969988 0.17173 16
1724328051315 0.01419 17
1724328130527 0.0122 18
1724328200140 0.03372 19
1724328289361 0.16765 20
1724328374356 0.65612 21
1724328459193 0.02327 22
1724328542111 0.08131 23
1724328626301 0.73951 24
1724328708571 0.58649 25
1724328799316 0.01046 26
1724328892265 0.52426 27
1724328978300 0.60625 28
1724329055417 0.00195 29
1724329133806 0.11646 30
1724329207218 0.01772 31
1724329297527 0.12076 32
1724329400957 0.29831 33
1724329493048 0.08156 34
1724329589729 0.00778 35
1724329681579 0.01404 36
1724329765140 0.01724 37
1724329845542 0.01866 38
1724329931421 0.00382 39
1724330020189 0.00391 40
1724330107475 0.30162 41
1724330190177 0.10548 42
1724330289063 0.13712 43
1724330377114 0.2292 44
1724330463520 0.58984 45
1724330553485 0.10617 46
1724330643023 0.10617 47
1724330745274 0.02228 48
1724330834841 0.16483 49
1724330938023 0.02338 50
1724331029867 0.06547 51
1724331137589 0.12872 52
1724331227778 0.06655 53
1724331317406 0.15782 54
1724331423191 0.16298 55
1724331508016 0.05548 56
1724331638877 0.04937 57
1724331751980 0.06276 58
1724331836628 0.1549 59
1724331921905 0.27168 60
1724332013756 0.29558 61
1724332113075 0.30245 62
1724332198378 0.17352 63
1724332295009 0.33062 64
1724332401705 0.28181 65
1724332483070 0.26509 66
1724332569016 0.1985 67
1724332656281 0.17904 68
1724332743262 0.50398 69
1724332839521 0.1021 70
1724332937248 0.0734 71
1724333020962 0.14843 72
1724333113370 0.11557 73
1724333205299 0.13093 74
