1724327015365 0.44583 0
1724327050767 0.44583 1
1724327092904 0.12917 2
1724327142632 0.06667 3
1724327193929 0.1125 4
1724327246694 0.075 5
1724327305616 0.03333 6
1724327367803 0.03333 7
1724327429443 0.0375 8
1724327501670 0.05417 9
1724327567539 0.05417 10
1724327623257 0.01667 11
1724327687617 0.0375 12
1724327756454 0.01667 13
1724327824302 0.03453 14
1724327893952 0.02809 15
1724327969988 0.01667 16
1724328051315 0.05833 17
1724328130527 0.05417 18
1724328200140 0.03333 19
1724328289361 0.03333 20
1724328374356 0.01667 21
1724328459193 0.075 22
1724328542111 0.03333 23
1724328626301 0.03333 24
1724328708571 0.03333 25
1724328799316 0.05833 26
1724328892265 0.01667 27
1724328978300 0.01667 28
1724329055417 0.01667 29
1724329133806 0.03333 30
1724329207218 0.05833 31
1724329297527 0.0375 32
1724329400957 0.05417 33
1724329493048 0.03333 34
1724329589729 0.05417 35
1724329681579 0.01667 36
1724329765140 0.075 37
1724329845542 0.09583 38
1724329931421 0.01667 39
1724330020189 0.01667 40
1724330107475 0.03333 41
1724330190177 0.1125 42
1724330289063 0.05417 43
1724330377114 0.0375 44
1724330463520 0.01667 45
1724330553485 0.01667 46
1724330643023 0.01667 47
1724330745274 0.09583 48
1724330834841 0.02083 49
1724330938023 0.05417 50
1724331029867 0.04971 51
1724331137589 0.0375 52
1724331227778 0.0375 53
1724331317406 0.05417 54
1724331423191 0.05417 55
1724331508016 0.05 56
1724331638877 0.03333 57
1724331751980 0.05833 58
1724331836628 0.0375 59
1724331921905 0.07083 60
1724332013756 0.07083 61
1724332113075 0.0375 62
1724332198378 0.0375 63
1724332295009 0.07083 64
1724332401705 0.0375 65
1724332483070 0.07083 66
1724332569016 0.10417 67
1724332656281 0.0875 68
1724332743262 0.07083 69
1724332839521 0.05417 70
1724332937248 0.12801 71
1724333020962 0.07083 72
1724333113370 0.09323 73
1724333205299 0.06667 74
